file,Call type,Mean F0,Max F0, Min F0, Range F0,Q25%,Q50%,Q75%,Fpeak,sound duration,AM var,AM rate,AM extent,harmonicity, F1 mean,F2 mean,F3 mean,F4 mean,F5 mean,F6 mean,F7 mean,F8 mean,formant dispersal,vocal tract length,mean wiener entropy,Comment,
HFC_07.30.wav,HFC,230.556,277.188,102.815,174.373,523.626,773.553,1970.065,238.810,1.924,29.436,10.915,2.697,8.92,412.403,675.373,1038.669,1408.416,1806.377,2176.307,2601.472,2914.429,357.432,48.960,-2.362,,
HFC_07.30_1.wav,HFC,226.542,245.886,99.379,146.507,236.485,613.522,948.400,224.443,1.924,37.258,10.136,3.676,10.10,424.198,686.756,1116.549,1426.718,1848.790,2198.464,2617.999,2878.050,350.550,49.922,-1.843,,
HFC_07.30_2.wav,HFC,218.965,245.517,93.286,152.232,313.169,680.353,1063.860,227.420,1.785,34.294,10.362,3.310,11.18,428.035,691.297,1014.671,1416.324,1849.086,2178.961,2592.456,2898.273,352.891,49.590,-2.298,,
HFC_07.45.wav,HFC,232.341,261.049,157.121,103.928,307.239,700.903,968.922,214.511,2.093,43.208,13.376,3.230,12.16,455.589,698.284,1027.215,1451.250,1858.476,2210.239,2559.331,2912.392,350.972,49.862,-2.369,,
HFC_07.45_1.wav,HFC,190.679,270.291,104.557,165.734,516.713,835.756,2064.447,40.520,2.216,34.391,11.280,3.049,5.89,355.734,683.439,1018.577,1407.427,1779.245,2178.425,2574.464,2948.918,370.455,47.239,-2.026,,
HFC_07.45_2.wav,HFC,235.579,279.839,207.882,71.957,524.297,900.057,2057.259,233.084,2.109,36.580,9.722,3.763,7.13,383.558,673.563,1053.381,1417.332,1792.383,2182.990,2584.878,2925.760,363.172,48.187,-2.135,,
HFC_08.00.wav,HFC,177.521,281.458,62.799,218.659,318.463,655.210,1408.706,55.871,2.309,25.019,11.911,2.100,5.33,310.117,663.635,1004.101,1374.814,1760.904,2162.303,2546.810,2915.049,372.133,47.026,-1.475,,
HFC_08.00_1.wav,HFC,208.769,260.047,112.172,147.875,303.266,663.917,1313.681,248.447,1.832,41.889,11.192,3.743,6.53,333.405,661.541,1011.656,1388.249,1776.327,2178.086,2563.775,2971.158,376.822,46.441,-1.793,,
HFC_08.00_2.wav,HFC,198.348,283.668,101.094,182.574,308.591,692.155,1532.621,237.646,1.985,19.379,12.340,1.570,6.27,317.026,669.493,1031.640,1381.127,1780.600,2154.706,2547.955,2984.612,381.084,45.922,-1.440,,
HFC_08.15.wav,HFC,238.392,293.208,100.762,192.445,263.898,505.261,1241.097,266.280,2.524,21.670,11.291,1.919,8.25,285.607,635.619,973.865,1349.665,1745.987,2119.329,2510.406,2908.619,374.716,46.702,-1.831,,
HFC_08.15_1.wav,HFC,255.204,298.035,101.261,196.774,264.784,511.690,1345.254,265.223,3.017,30.264,12.431,2.435,8.56,279.385,640.252,982.311,1362.514,1739.102,2132.720,2534.445,2915.815,376.633,46.464,-1.892,,
HFC_08.15_2.wav,HFC,236.642,296.856,113.911,182.945,274.817,493.539,1106.427,267.239,2.324,28.924,12.478,2.318,8.67,300.709,645.011,982.235,1360.695,1738.543,2138.412,2556.345,2953.272,378.938,46.182,-1.591,,
HFC_08.30.wav,HFC,256.032,299.474,88.230,211.244,271.716,513.186,1519.264,264.636,2.263,28.702,10.608,2.706,8.95,274.861,650.460,987.453,1392.732,1757.959,2163.337,2565.936,2889.938,373.582,46.844,-2.212,,
HFC_08.30_1.wav,HFC,217.641,295.140,129.199,165.942,328.403,710.217,1903.999,299.297,2.293,18.685,13.517,1.382,7.25,309.252,655.019,1002.849,1374.249,1740.732,2136.287,2533.314,2921.082,373.119,46.902,-1.890,,
HFC_08.30_2.wav,HFC,219.932,291.357,128.396,162.961,288.898,611.656,1716.740,278.606,2.493,20.778,10.828,1.919,7.80,296.442,686.971,1009.029,1371.250,1766.681,2162.411,2558.833,2931.115,376.382,46.495,-1.869,,
HFC_08.45.wav,HFC,240.910,279.009,198.467,80.542,297.708,603.685,1607.801,223.900,2.370,36.882,13.079,2.820,6.73,296.981,613.493,985.227,1371.598,1772.288,2145.381,2561.659,2944.115,378.162,46.276,-2.236,,
HFC_08.45_1.wav,HFC,241.648,283.869,80.483,203.386,284.312,647.817,1609.051,92.085,2.740,28.239,11.498,2.456,6.87,277.292,646.995,974.083,1348.686,1739.019,2141.281,2532.282,2886.031,372.677,46.958,-1.903,,
HFC_08.45_2.wav,HFC,234.290,268.468,79.980,188.488,238.769,498.497,1232.488,236.211,2.093,27.105,14.093,1.923,7.54,277.788,629.957,979.959,1368.119,1746.401,2162.908,2558.779,2959.997,383.173,45.671,-1.673,,
HFC_09.00.wav,HFC,240.712,281.237,76.695,204.542,272.439,666.631,1502.035,83.880,2.278,21.685,13.170,1.647,8.58,274.349,663.219,983.946,1349.791,1749.362,2144.380,2554.327,2920.618,378.038,46.292,-1.917,,
HFC_09.00_1.wav,HFC,246.093,277.348,123.497,153.851,276.606,655.969,1539.258,245.780,2.432,35.604,13.159,2.706,7.70,280.369,649.990,1000.300,1393.506,1754.234,2177.741,2595.321,2971.573,384.458,45.519,-1.858,,
HFC_09.00_2.wav,HFC,247.202,280.589,119.983,160.605,253.456,540.240,1395.827,242.287,2.339,36.442,13.037,2.795,7.93,270.368,659.348,996.627,1367.574,1752.941,2156.086,2564.718,2919.778,378.487,46.237,-1.888,,
HFC_09.15.wav,HFC,267.655,293.517,127.250,166.268,272.544,533.332,1503.976,267.146,2.309,29.879,11.262,2.653,9.14,278.892,660.547,993.938,1337.590,1753.567,2139.881,2537.901,2941.157,380.324,46.013,-1.988,,
HFC_09.15_1.wav,HFC,248.841,284.460,80.540,203.920,301.531,709.512,1404.297,246.178,2.032,25.940,12.305,2.108,8.08,309.841,672.527,975.363,1361.521,1763.758,2151.182,2562.987,2940.725,375.841,46.562,-1.748,,
HFC_09.15_2.wav,HFC,247.972,285.742,78.996,206.745,293.924,609.160,1448.769,82.370,2.370,37.071,12.868,2.881,7.37,288.131,614.022,973.558,1345.072,1731.845,2137.206,2533.238,2947.868,379.962,46.057,-1.908,,
HFC_09.30.wav,HFC,256.606,289.630,205.768,83.862,287.396,609.006,1539.895,255.749,2.216,34.163,12.633,2.704,5.94,276.956,635.596,981.083,1353.900,1744.678,2138.585,2560.547,2937.917,380.137,46.036,-1.911,,
HFC_09.30_1.wav,HFC,264.650,293.655,119.169,174.486,296.627,597.194,1563.992,257.028,2.524,33.890,9.904,3.422,8.19,298.718,629.009,984.281,1353.303,1759.761,2145.285,2555.040,2911.408,373.241,46.887,-2.027,,
HFC_09.30_2.wav,HFC,251.135,289.186,74.989,214.197,332.791,651.992,1534.707,251.430,2.124,26.428,12.006,2.201,7.27,326.136,639.615,992.481,1387.234,1775.605,2164.694,2567.217,2924.730,371.228,47.141,-1.796,,
HFC_09.45.wav,HFC,201.308,292.171,101.470,190.701,278.619,512.840,1133.430,247.089,2.101,23.847,9.995,2.386,6.83,291.090,647.063,979.213,1361.989,1722.544,2121.607,2526.160,2910.474,374.198,46.767,-1.555,,
HFC_09.45_1.wav,HFC,234.876,290.564,79.254,211.309,255.154,543.040,1113.584,79.943,2.170,41.120,12.211,3.367,5.23,289.860,640.117,985.544,1348.200,1731.256,2127.714,2543.981,2889.865,371.429,47.115,-1.597,,
HFC_09.45_2.wav,HFC,242.094,281.226,122.060,159.166,295.004,592.890,1298.283,246.839,1.951,24.899,14.096,1.766,6.66,293.531,646.867,970.035,1344.192,1734.234,2113.259,2521.912,2897.180,371.950,47.049,-1.581,,
HFC_10.00.wav,HFC,240.840,287.625,86.609,201.016,276.873,572.359,1236.053,99.079,2.401,38.107,11.245,3.389,7.53,301.524,649.315,986.088,1370.837,1770.309,2155.523,2554.160,2947.639,378.016,46.294,-1.749,,
HFC_10.00_1.wav,HFC,244.999,285.002,92.535,192.467,253.572,434.443,1023.289,252.733,1.939,40.460,11.602,3.487,8.09,266.414,601.289,975.884,1339.531,1729.667,2137.775,2532.341,2906.564,377.164,46.399,-1.796,,
HFC_10.00_2.wav,HFC,244.719,291.760,64.942,226.818,258.546,528.798,1195.760,78.907,2.286,28.175,11.157,2.525,8.64,299.415,653.028,999.825,1379.017,1768.379,2166.382,2555.658,2955.818,379.486,46.115,-1.765,,
HFC_10.15.wav,HFC,225.149,294.587,86.878,207.709,273.346,546.077,1274.259,256.634,2.340,33.793,14.106,2.396,7.10,287.405,660.732,982.716,1358.479,1762.964,2165.383,2561.205,2934.932,378.218,46.270,-1.748,,
HFC_10.15_1.wav,HFC,206.196,294.695,136.514,158.181,259.119,526.841,1083.824,257.075,1.985,28.674,11.332,2.530,7.30,288.987,633.224,983.519,1335.352,1733.592,2144.023,2531.150,2924.267,376.469,46.485,-1.644,,
HFC_10.30.wav,HFC,201.425,291.274,124.032,167.243,306.635,629.167,1389.643,261.797,2.509,38.343,12.556,3.054,6.73,299.628,637.215,993.136,1355.992,1749.458,2147.383,2551.155,2936.132,376.643,46.463,-1.769,,
HFC_10.30_1.wav,HFC,206.366,281.349,82.832,198.517,296.748,607.480,1275.498,254.531,2.047,37.594,11.480,3.275,6.63,293.865,644.783,987.267,1328.709,1722.627,2129.448,2516.792,2904.809,372.992,46.918,-1.621,,
HFC_10.30_2.wav,HFC,238.859,291.215,144.834,146.381,297.865,604.736,1461.274,258.729,2.093,24.623,12.899,1.909,7.40,297.912,640.870,977.356,1336.730,1748.525,2149.904,2545.372,2917.928,374.288,46.755,-1.769,,
HFC_10.45.wav,HFC,243.961,296.547,148.315,148.232,283.610,625.374,1554.187,265.542,2.447,18.000,11.646,1.546,6.84,287.623,700.421,994.277,1377.162,1736.536,2142.273,2535.099,2919.564,375.992,46.544,-1.721,,
HFC_10.45_1.wav,HFC,244.686,281.850,106.273,175.577,251.028,379.133,1043.814,242.985,2.170,37.653,10.368,3.632,11.30,253.174,645.469,969.973,1323.564,1742.912,2139.729,2541.555,2918.785,380.802,45.956,-1.884,,
HFC_10.45_2.wav,HFC,240.529,296.681,129.538,167.143,281.852,635.639,1494.015,268.719,2.170,18.668,11.059,1.688,6.60,293.994,683.509,986.354,1361.852,1751.580,2142.937,2550.541,2957.117,380.446,45.999,-1.687,,
HFC_11.00.wav,HFC,236.707,294.603,125.427,169.176,370.517,656.782,1524.499,228.437,2.001,28.067,11.995,2.340,6.04,332.246,635.029,969.305,1338.186,1728.114,2148.473,2537.618,2941.270,372.718,46.952,-1.499,,
HFC_11.00_1.wav,HFC,215.219,282.192,120.091,162.101,286.649,522.089,1170.735,305.021,2.124,38.430,10.593,3.628,6.55,299.170,633.680,993.938,1350.984,1717.002,2144.273,2550.022,2909.169,372.857,46.935,-1.604,,
HFC_11.00_2.wav,HFC,226.530,296.065,83.586,212.480,265.081,395.543,1112.570,260.827,2.201,32.365,11.131,2.908,10.15,261.864,671.277,979.157,1352.951,1760.471,2145.529,2551.059,2941.817,382.851,45.710,-1.854,,
HFC_11.15.wav,HFC,267.719,292.351,203.502,88.849,261.321,485.082,1121.916,262.544,2.093,29.200,11.943,2.445,7.38,277.467,612.128,970.552,1348.497,1723.063,2117.231,2535.981,2899.992,374.646,46.711,-1.730,,
HFC_11.15_1.wav,HFC,216.152,294.075,151.033,143.041,277.925,482.339,1176.058,281.497,2.247,17.084,11.570,1.477,8.97,289.864,691.335,993.273,1375.550,1759.213,2146.049,2545.587,2928.295,376.919,46.429,-1.707,,
HFC_11.15_2.wav,HFC,219.079,295.899,112.263,183.635,264.943,402.505,1072.084,154.283,2.001,26.120,9.746,2.680,11.19,271.279,670.143,981.986,1349.326,1749.815,2128.476,2528.205,2869.763,371.212,47.143,-1.770,,
HFC_11.30.wav,HFC,249.613,298.287,98.137,200.150,260.127,395.502,1053.498,261.046,2.139,41.213,12.387,3.327,10.05,256.911,626.255,953.837,1331.581,1714.378,2128.717,2521.500,2886.285,375.625,46.589,-1.994,,
HFC_11.30_1.wav,HFC,210.896,289.720,104.276,185.445,266.635,450.848,1003.371,255.661,2.540,32.043,11.419,2.806,9.04,280.154,636.738,974.788,1345.846,1721.591,2117.162,2508.623,2929.101,378.421,46.245,-1.688,,
HFC_11.30_2.wav,HFC,236.207,283.621,83.140,200.481,248.413,464.782,1041.596,246.397,2.155,32.534,11.370,2.861,7.26,267.109,647.165,963.017,1359.942,1752.163,2154.551,2547.304,2925.493,379.769,46.081,-1.649,,