file,Call type,Mean F0,Max F0, Min F0, Range F0,Q25%,Q50%,Q75%,Fpeak,sound duration,AM var,AM rate,AM extent,harmonicity, F1 mean,F2 mean,F3 mean,F4 mean,F5 mean,F6 mean,F7 mean,F8 mean,formant dispersal,vocal tract length,mean wiener entropy,Comment,
HFC_07.30.wav,HFC,205.314,271.220,71.440,199.779,425.718,608.125,1739.897,95.204,2.684,30.606,8.754,3.496,9.33,382.722,611.066,1042.122,1438.643,1731.105,2160.728,2583.698,2840.305,351.083,49.846,-2.222,,
HFC_07.30_1.wav,HFC,178.989,264.106,65.447,198.659,283.801,533.996,1375.213,99.618,2.671,22.096,11.046,2.000,10.44,371.847,623.587,1083.826,1433.597,1753.346,2164.161,2568.722,2907.742,362.271,48.306,-2.152,,
HFC_07.30_2.wav,HFC,235.682,263.492,81.885,181.607,457.231,591.423,1631.777,95.667,2.003,21.850,10.235,2.135,10.17,397.930,579.680,1033.575,1439.582,1710.776,2120.012,2538.725,2873.818,353.698,49.477,-2.295,,
HFC_07.30_3.wav,HFC,212.739,258.599,69.704,188.896,440.771,724.442,1622.773,99.898,1.748,15.531,10.583,1.467,7.67,413.678,637.151,1050.800,1430.447,1786.746,2124.981,2548.702,2911.523,356.835,49.042,-1.805,,
HFC_07.45.wav,HFC,237.534,269.175,77.281,191.895,432.393,718.806,1430.468,114.336,1.639,22.962,10.069,2.281,7.49,403.549,635.102,1038.734,1428.878,1794.789,2141.824,2553.405,2908.445,357.842,48.904,-1.625,,
HFC_07.45_1.wav,HFC,219.575,272.109,74.319,197.790,406.253,615.385,1358.974,119.511,2.003,18.160,7.739,2.347,8.14,385.983,647.704,1073.069,1434.116,1773.796,2142.982,2534.700,2904.976,359.856,48.631,-1.750,,
HFC_07.45_2.wav,HFC,235.845,275.723,71.913,203.810,475.332,991.449,1672.580,99.774,2.513,21.134,10.944,1.931,7.09,423.352,732.451,1050.096,1408.834,1784.467,2180.128,2578.619,2928.586,357.891,48.898,-1.708,,
HFC_08.00.wav,HFC,228.340,274.797,73.773,201.024,433.256,761.443,1577.167,117.180,2.112,15.951,8.759,1.821,7.13,405.148,646.880,1024.933,1429.846,1799.659,2127.274,2550.711,2946.778,363.090,48.197,-1.644,,
HFC_08.00_1.wav,HFC,230.843,281.483,70.955,210.528,357.390,616.393,1232.929,139.746,2.476,21.339,10.701,1.994,5.58,365.751,679.352,1039.044,1415.943,1763.154,2150.680,2561.959,2959.560,370.544,47.228,-1.429,,
HFC_08.00_2.wav,HFC,245.132,273.646,81.185,192.462,455.106,924.964,1661.604,126.910,2.003,11.886,10.734,1.107,5.95,425.869,716.849,1072.230,1427.115,1810.926,2196.151,2605.875,2952.269,360.914,48.488,-1.500,,
HFC_08.00_3.wav,HFC,209.704,256.352,74.840,181.511,381.663,607.159,1254.382,132.542,2.039,21.640,10.543,2.053,6.24,372.453,656.311,1035.765,1399.071,1781.329,2136.720,2537.503,2902.773,361.474,48.413,-1.402,,
HFC_08.00_4.wav,HFC,216.217,263.392,78.690,184.702,350.480,718.284,1615.111,125.987,1.857,22.062,11.307,1.951,3.24,351.371,673.286,1020.199,1398.205,1775.268,2145.893,2566.728,2947.616,370.892,47.184,-1.344,,
HFC_08.00_5.wav,HFC,236.459,267.737,77.506,190.231,453.799,816.501,1776.393,129.905,1.803,15.471,10.818,1.430,7.07,421.911,653.765,1053.254,1462.649,1800.198,2150.051,2595.303,2931.623,358.530,48.810,-1.577,,
HFC_08.15_1.wav,HFC,219.249,260.608,75.551,185.057,402.569,593.667,1390.559,132.019,1.711,29.903,11.983,2.495,5.23,373.895,641.052,1034.723,1403.583,1769.665,2098.750,2552.234,2901.709,361.116,48.461,-1.458,,
HFC_08.15_2.wav,HFC,232.077,270.344,78.377,191.967,475.656,913.096,1816.509,104.036,1.857,11.400,9.961,1.145,2.78,409.805,731.568,1037.934,1427.821,1806.070,2184.412,2587.650,2945.243,362.205,48.315,-1.198,,
HFC_08.15_3.wav,HFC,222.393,262.116,75.260,186.855,442.594,832.190,1840.896,115.200,1.712,17.161,10.224,1.678,5.52,396.756,669.105,1030.721,1420.818,1791.800,2127.709,2544.636,2970.628,367.696,47.594,-1.537,,
HFC_08.15_4.wav,HFC,196.590,259.581,68.060,191.521,396.692,574.719,1402.023,126.501,2.076,28.423,11.321,2.511,5.40,357.079,627.440,1024.087,1397.616,1750.930,2095.044,2523.202,2962.335,372.179,47.020,-1.583,,
HFC_08.15_5.wav,HFC,228.922,271.736,77.545,194.191,264.446,510.029,946.664,118.814,1.967,30.408,9.916,3.067,5.20,339.632,628.786,1014.898,1364.588,1720.224,2078.897,2507.504,2933.849,370.602,47.220,-1.364,,
HFC_08.30.wav,HFC,225.064,261.173,77.127,184.046,275.778,506.499,1063.177,124.074,1.875,29.593,9.331,3.171,6.17,321.891,633.615,1034.957,1394.547,1739.094,2100.002,2527.916,2923.987,371.728,47.077,-1.451,,
HFC_08.30_1.wav,HFC,221.691,261.266,75.881,185.385,360.976,596.718,1335.168,126.013,1.967,23.410,9.916,2.361,6.09,336.532,655.683,1042.315,1396.938,1745.845,2131.341,2539.301,2953.343,373.830,46.813,-1.461,,
HFC_08.30_2.wav,HFC,198.237,253.260,67.990,185.270,309.278,530.196,1256.464,118.736,1.930,22.033,7.254,3.038,5.24,339.206,654.636,1029.344,1370.873,1755.251,2124.390,2556.214,2981.005,377.400,46.370,-1.310,,
HFC_08.30_3.wav,HFC,209.762,258.957,75.388,183.569,258.446,495.847,1181.121,119.407,1.693,23.077,11.811,1.954,5.50,316.390,647.726,990.109,1355.530,1754.215,2128.420,2530.801,2941.445,375.008,46.666,-1.396,,
HFC_08.30_4.wav,HFC,240.533,279.992,80.064,199.928,329.037,573.190,1308.970,118.485,1.930,15.509,13.730,1.130,5.39,338.354,669.664,1034.589,1391.512,1759.046,2150.193,2563.240,2890.500,364.592,47.999,-1.420,,
HFC_08.30_5.wav,HFC,231.529,258.973,77.368,181.605,359.713,577.135,1471.180,124.413,2.149,18.496,10.705,1.728,7.26,351.992,646.779,1042.043,1410.379,1764.505,2146.552,2556.777,2959.308,372.474,46.983,-1.634,,
HFC_08.30_6.wav,HFC,206.486,268.862,73.438,195.424,265.127,507.185,850.993,113.429,2.167,23.728,12.922,1.836,7.56,337.929,649.796,1025.821,1397.923,1726.652,2114.364,2557.022,2973.457,376.504,46.480,-1.512,,
HFC_08.45.wav,HFC,190.193,254.214,70.197,184.016,272.031,504.454,1087.460,91.560,2.294,24.624,11.986,2.054,5.99,346.352,657.474,1022.078,1397.877,1754.548,2112.196,2544.074,2882.798,362.349,48.296,-1.386,,
HFC_08.45_1.wav,HFC,223.222,270.765,77.986,192.779,420.257,601.886,1360.607,95.899,1.985,31.782,9.825,3.235,7.02,382.405,626.495,994.080,1388.422,1718.451,2101.242,2540.199,2938.320,365.131,47.928,-1.551,,
HFC_08.45_2.wav,HFC,244.117,281.893,78.005,203.889,301.003,541.138,1004.128,131.184,1.894,21.903,11.882,1.843,5.46,351.915,655.318,1002.719,1371.177,1754.962,2135.095,2549.375,2901.746,364.261,48.042,-1.290,,
HFC_08.45_3.wav,HFC,196.436,273.000,72.235,200.764,217.454,397.826,1011.177,137.188,2.294,25.843,10.679,2.420,4.80,277.214,688.889,1033.814,1382.933,1748.522,2125.484,2565.341,2879.547,371.762,47.073,-1.426,,
HFC_09.00.wav,HFC,232.105,266.078,77.230,188.847,369.626,588.503,1348.726,138.439,1.985,18.781,11.337,1.657,5.37,373.689,641.678,1035.166,1407.346,1772.094,2147.416,2571.465,2947.084,367.628,47.602,-1.364,,
HFC_09.00_1.wav,HFC,223.613,264.821,69.006,195.816,416.767,607.790,1465.958,127.502,1.930,27.392,11.917,2.299,5.88,365.053,622.135,1040.898,1397.449,1736.730,2096.952,2507.223,2926.321,365.895,47.828,-1.622,,
HFC_09.00_2.wav,HFC,222.566,265.443,68.473,196.970,381.143,601.452,1380.980,126.542,2.076,26.594,12.044,2.208,5.03,359.204,653.554,1035.688,1388.472,1748.741,2118.831,2533.069,2924.677,366.496,47.749,-1.409,,
HFC_09.00_3.wav,HFC,245.606,283.372,97.118,186.254,260.234,479.987,770.850,122.482,1.784,29.532,12.329,2.395,5.97,315.656,607.622,966.643,1341.971,1707.904,2075.026,2497.901,2878.276,366.089,47.803,-1.346,,
HFC_09.00_4.wav,HFC,225.691,276.994,79.674,197.320,349.259,522.610,966.190,118.519,1.712,24.967,11.685,2.137,6.73,360.701,628.889,1042.983,1386.373,1742.475,2121.181,2534.088,2974.198,373.357,46.872,-1.586,,
HFC_09.15.wav,HFC,196.762,256.438,75.385,181.052,259.127,654.791,1663.102,152.775,2.476,12.177,12.317,0.989,6.41,296.727,704.502,1077.798,1417.814,1785.588,2186.275,2595.195,2923.660,375.276,46.632,-1.577,,
HFC_09.15_1.wav,HFC,223.116,235.118,193.656,41.463,332.119,614.773,816.277,231.501,0.965,62.239,7.772,8.008,7.32,413.034,651.094,1041.790,1372.057,1807.920,2156.671,2546.775,2861.636,349.800,50.029,-1.625,,
HFC_09.15_2.wav,HFC,198.492,262.457,64.163,198.294,295.570,676.295,1524.455,138.673,2.058,14.906,10.449,1.426,3.93,323.645,712.903,1035.134,1412.066,1784.671,2154.471,2577.210,2965.018,377.339,46.377,-1.085,,
HFC_09.30.wav,HFC,220.953,273.610,79.159,194.451,238.375,473.493,953.327,128.261,1.894,27.533,11.354,2.425,2.84,303.072,688.699,979.957,1364.297,1738.630,2118.292,2542.814,2964.556,380.212,46.027,-1.216,,
HFC_09.30_1.wav,HFC,197.207,247.238,74.656,172.582,219.371,486.116,1202.821,126.044,2.058,12.017,13.122,0.916,5.46,285.109,673.496,1035.607,1403.186,1778.810,2157.732,2586.033,2880.155,370.721,47.205,-1.311,,
HFC_09.30_2.wav,HFC,210.933,253.584,76.933,176.651,232.836,531.166,1364.029,215.676,1.839,11.257,10.603,1.062,4.68,301.255,688.566,1046.438,1418.477,1789.047,2179.828,2588.949,2938.306,376.722,46.453,-1.323,,
HFC_09.45.wav,HFC,214.005,278.489,87.587,190.902,220.939,369.144,894.365,125.895,1.967,26.470,11.950,2.215,4.96,252.979,661.281,1014.799,1358.097,1730.608,2113.813,2549.610,2904.705,378.818,46.196,-1.446,,
HFC_09.45_1.wav,HFC,203.172,260.126,99.372,160.754,212.686,388.991,862.064,209.213,1.566,22.308,12.133,1.839,4.12,267.413,628.764,990.970,1340.846,1727.836,2103.656,2507.385,2903.902,376.641,46.463,-1.306,,
HFC_09.45_2.wav,HFC,221.421,252.804,80.305,172.499,246.375,504.145,1113.559,223.798,1.839,16.657,11.691,1.425,4.02,304.933,649.792,1016.868,1381.165,1763.981,2129.797,2544.658,2942.598,376.809,46.443,-1.256,,
HFC_09.45_3.wav,HFC,232.792,269.339,116.372,152.967,268.102,620.935,1536.216,216.550,1.894,6.371,12.410,0.513,3.41,296.348,691.969,1041.073,1401.449,1800.843,2197.243,2583.575,2907.106,372.965,46.921,-1.261,,
HFC_09.45_4.wav,HFC,207.694,250.200,74.416,175.783,227.263,490.394,1164.457,219.112,1.857,16.038,11.038,1.453,4.07,288.171,664.503,1029.344,1372.472,1750.294,2126.425,2553.410,2954.529,380.908,45.943,-1.311,,
HFC_09.45_5.wav,HFC,211.250,248.434,72.114,176.320,226.262,500.071,1298.497,148.409,2.039,15.349,9.562,1.605,5.12,285.192,686.155,1034.452,1388.495,1774.074,2146.256,2565.617,2950.602,380.773,45.959,-1.397,,
HFC_10.00.wav,HFC,194.946,243.764,70.681,173.083,214.033,470.414,1188.391,218.871,2.112,12.039,11.363,1.059,5.33,282.993,679.373,1060.422,1392.611,1779.813,2163.373,2573.323,2945.690,380.385,46.006,-1.340,,
HFC_10.00_1.wav,HFC,193.875,258.328,67.071,191.256,220.979,457.872,953.063,107.759,2.076,26.479,11.321,2.339,4.85,288.612,651.328,1020.058,1376.970,1744.623,2094.954,2539.601,2946.525,379.702,46.089,-1.272,,
HFC_10.00_2.wav,HFC,182.656,247.162,72.389,174.773,207.996,435.560,1023.098,214.504,2.312,20.240,10.595,1.910,5.73,276.536,655.367,1019.577,1371.706,1761.813,2132.469,2544.714,2925.173,378.377,46.250,-1.380,,
HFC_10.00_3.wav,HFC,185.002,241.036,69.396,171.640,217.514,441.147,1008.447,141.369,2.695,18.363,11.132,1.649,6.03,269.195,677.234,1026.979,1361.814,1745.380,2135.182,2547.101,2940.068,381.553,45.865,-1.342,,
HFC_10.15.wav,HFC,211.076,249.640,79.466,170.173,218.332,447.691,1169.386,217.236,1.948,13.847,12.832,1.079,6.02,271.798,670.924,1062.612,1390.169,1773.007,2156.258,2558.298,2925.867,379.153,46.156,-1.503,,
HFC_10.15_1.wav,HFC,195.484,245.733,69.634,176.099,214.611,411.732,812.557,217.242,1.821,26.508,10.160,2.609,5.48,293.882,657.362,999.589,1369.639,1750.990,2120.389,2548.224,2969.924,382.292,45.777,-1.365,,
HFC_10.15_2.wav,HFC,191.247,238.856,76.064,162.792,206.272,385.456,1066.994,132.834,1.784,15.711,10.928,1.438,5.33,245.923,677.495,1019.360,1376.959,1750.311,2129.331,2539.796,2955.933,387.144,45.203,-1.448,,
HFC_10.15_3.wav,HFC,186.060,258.910,70.550,188.360,201.760,424.784,817.973,113.463,2.021,32.783,10.638,3.082,5.58,300.534,652.055,1022.204,1369.027,1752.121,2127.004,2561.120,2939.945,377.059,46.412,-1.325,,
HFC_10.30.wav,HFC,197.144,251.146,66.454,184.692,218.179,430.134,1116.107,115.389,2.058,15.683,12.150,1.291,6.36,283.694,685.570,1033.329,1388.957,1762.490,2148.208,2557.936,2912.352,375.523,46.602,-1.434,,
HFC_10.30_1.wav,HFC,205.311,247.438,73.235,174.203,219.515,463.635,1108.899,222.344,1.985,14.258,11.337,1.258,4.73,291.040,673.695,1028.948,1394.336,1765.146,2149.454,2562.273,2925.869,376.404,46.493,-1.360,,
HFC_10.30_2.wav,HFC,222.176,277.167,70.486,206.681,241.251,510.025,1094.404,130.863,1.639,16.327,13.425,1.216,3.20,302.048,665.588,1014.961,1390.531,1764.895,2137.341,2547.685,2925.701,374.808,46.691,-1.256,,
HFC_10.30_3.wav,HFC,209.952,251.101,76.882,174.220,229.205,486.998,1138.088,219.862,1.730,14.431,11.851,1.218,4.34,289.863,666.156,1018.851,1386.868,1758.665,2140.782,2563.604,2974.029,383.452,45.638,-1.307,,
HFC_10.30_4.wav,HFC,202.087,259.710,76.443,183.267,210.320,408.735,1050.339,214.868,1.803,13.467,11.927,1.129,6.07,278.484,667.068,1042.354,1391.292,1765.911,2151.736,2569.261,2878.802,371.474,47.110,-1.448,,
HFC_10.45.wav,HFC,204.556,252.851,69.171,183.680,222.172,439.194,1104.654,133.661,1.784,13.565,13.170,1.030,5.50,261.755,690.227,1043.863,1387.364,1746.326,2141.219,2559.261,2963.348,385.942,45.344,-1.390,,
HFC_10.45_1.wav,HFC,197.304,244.119,64.433,179.687,215.327,465.553,1201.420,132.375,1.857,15.364,10.499,1.463,5.40,276.504,680.358,1046.100,1397.129,1768.106,2158.184,2555.823,2964.699,384.028,45.570,-1.352,,
HFC_10.45_2.wav,HFC,197.136,256.290,69.123,187.167,231.228,498.579,1192.326,90.571,1.894,24.005,11.354,2.114,4.58,283.068,665.189,1010.748,1368.648,1748.135,2106.749,2540.572,2913.216,375.735,46.575,-1.290,,
HFC_11.00.wav,HFC,187.020,232.900,67.177,165.723,214.735,423.805,1104.989,130.699,2.440,23.763,12.295,1.933,6.71,267.404,671.986,1022.898,1382.210,1738.604,2128.873,2559.503,2963.854,385.207,45.430,-1.479,,
HFC_11.00_1.wav,HFC,209.812,252.384,80.098,172.286,237.141,543.042,1399.396,217.201,1.566,14.330,12.772,1.122,4.19,270.995,666.085,1023.304,1373.448,1753.563,2127.170,2542.033,2921.800,378.686,46.212,-1.355,,
HFC_11.00_2.wav,HFC,212.663,263.027,84.511,178.516,247.418,582.646,1556.926,221.084,1.857,8.098,12.384,0.654,4.39,269.843,665.188,1045.597,1393.459,1762.111,2154.957,2554.914,2944.438,382.085,45.801,-1.410,,
HFC_11.15.wav,HFC,219.397,258.767,83.656,175.111,230.850,504.962,1239.565,219.220,1.854,10.445,14.027,0.745,3.67,280.908,688.968,1033.520,1393.011,1789.329,2159.636,2572.323,2939.848,379.849,46.071,-1.299,,
HFC_11.15_1.wav,HFC,217.433,252.399,102.123,150.277,222.352,427.353,1158.891,225.197,2.133,8.922,11.957,0.746,6.26,250.063,686.076,1048.807,1393.579,1756.333,2139.480,2541.976,2947.064,385.286,45.421,-1.570,,
HFC_11.15_2.wav,HFC,176.258,250.865,71.370,179.495,265.318,529.794,1207.120,133.741,1.993,17.618,11.289,1.561,4.48,334.452,681.806,1038.615,1394.069,1769.616,2121.880,2545.629,2928.910,370.637,47.216,-1.131,,
HFC_11.15_3.wav,HFC,220.546,271.551,75.683,195.867,269.246,677.351,1640.271,124.283,1.654,14.159,12.090,1.171,2.38,289.270,690.295,1028.171,1394.797,1775.794,2147.036,2565.785,2934.850,377.940,46.304,-1.264,,
HFC_11.15_4.wav,HFC,213.328,254.108,76.516,177.591,224.677,402.293,983.283,232.639,1.674,17.900,12.842,1.394,4.62,271.198,667.875,1007.227,1356.721,1752.655,2126.632,2537.433,2953.174,383.139,45.675,-1.384,,
HFC_11.30.wav,HFC,199.305,221.433,82.687,138.747,215.109,364.276,912.239,217.349,1.634,25.527,10.708,2.384,9.72,255.742,650.961,1005.515,1375.090,1753.202,2144.815,2546.935,2934.199,382.637,45.735,-1.452,,
HFC_11.30_1.wav,HFC,232.698,263.511,74.870,188.641,252.351,493.398,970.009,126.738,1.774,29.729,12.966,2.293,4.93,310.784,620.482,1007.967,1370.202,1749.110,2105.101,2522.078,2951.213,377.204,46.394,-1.333,,
HFC_11.30_2.wav,HFC,216.357,277.348,75.109,202.239,272.930,500.967,1094.180,115.251,1.694,14.225,12.986,1.095,5.07,326.619,634.517,1037.490,1401.104,1770.567,2133.923,2543.976,2957.860,375.892,46.556,-1.358,,