file,Call type,Mean F0,Max F0, Min F0, Range F0,Q25%,Q50%,Q75%,Fpeak,sound duration,AM var,AM rate,AM extent,harmonicity, F1 mean,F2 mean,F3 mean,F4 mean,F5 mean,F6 mean,F7 mean,F8 mean,formant dispersal,vocal tract length,mean wiener entropy,Comment,
HFC_07.30.wav,HFC,150.301,160.611,117.757,42.854,313.143,472.530,647.465,136.801,1.501,45.303,10.325,4.388,8.87,326.344,602.706,843.946,1209.951,1688.570,2071.785,2411.417,2808.625,354.612,49.350,-0.256,,
HFC_07.30_1.wav,HFC,188.053,252.459,137.249,115.210,253.926,458.648,629.023,163.132,1.393,50.714,13.641,3.718,6.03,344.413,589.142,885.333,1219.865,1679.813,2035.048,2435.371,2789.992,349.368,50.090,-0.256,,
HFC_07.30_2.wav,HFC,153.733,160.192,128.988,31.204,396.116,496.124,664.325,137.766,1.563,46.789,8.637,5.417,12.93,389.434,579.980,849.187,1228.764,1626.021,2022.302,2387.339,2710.757,331.618,52.772,-0.632,,
HFC_07.45.wav,HFC,197.318,267.873,178.789,89.083,273.820,512.137,671.763,54.276,1.083,51.908,14.308,3.628,5.02,347.092,592.043,937.218,1207.302,1643.580,2034.042,2439.473,2851.635,357.792,48.911,-0.398,,
HFC_07.45_1.wav,HFC,190.576,257.090,73.970,183.121,224.764,296.827,600.754,44.467,1.362,47.463,9.178,5.171,5.24,243.856,576.372,863.471,1190.168,1605.495,2021.748,2384.214,2775.025,361.596,48.397,-0.525,,
HFC_07.45_2.wav,HFC,157.252,162.302,146.565,15.737,410.656,511.842,673.624,148.415,1.331,46.643,6.386,7.303,12.86,386.030,584.560,833.917,1201.443,1655.907,2036.152,2376.633,2747.673,337.378,51.871,-0.459,,
HFC_08.00.wav,HFC,209.643,274.225,82.685,191.540,236.849,469.765,642.986,218.319,1.300,43.568,15.769,2.763,1.21,329.114,595.332,882.606,1205.438,1640.187,2086.717,2467.761,2846.180,359.581,48.668,-0.173,,
HFC_08.00_1.wav,HFC,189.050,267.175,142.276,124.900,299.022,529.928,772.383,178.156,1.439,36.849,9.380,3.929,5.24,345.201,622.008,902.556,1240.189,1688.355,2051.231,2453.790,2828.823,354.803,49.323,-0.247,,
HFC_08.00_2.wav,HFC,139.230,152.057,122.393,29.664,239.843,401.642,589.151,137.583,1.548,38.492,9.046,4.255,10.82,314.493,573.336,905.173,1198.435,1607.166,2041.755,2398.107,2864.169,364.239,48.045,-0.227,,
HFC_08.15.wav,HFC,169.695,256.864,100.389,156.475,256.060,456.703,677.811,225.153,1.579,35.902,12.036,2.983,6.43,325.792,598.656,872.532,1237.513,1607.475,2018.612,2423.698,2756.703,347.273,50.393,-0.103,,
HFC_08.15_1.wav,HFC,158.305,165.459,127.819,37.640,385.665,536.850,751.690,144.881,1.795,39.981,9.748,4.101,12.47,371.549,610.324,889.539,1215.384,1624.110,2039.300,2404.228,2742.784,338.748,51.661,-0.503,,
HFC_08.15_2.wav,HFC,157.192,161.615,146.552,15.063,383.166,512.849,693.682,144.570,1.671,36.259,11.367,3.190,13.90,360.819,586.409,902.478,1221.287,1593.161,2017.033,2407.510,2794.755,347.705,50.330,-0.521,,
HFC_08.30.wav,HFC,202.801,255.868,172.720,83.148,243.813,468.107,665.991,218.889,1.254,40.642,9.573,4.246,4.85,325.768,583.765,898.138,1217.162,1551.376,2016.742,2408.673,2781.903,350.876,49.875,-0.347,,
HFC_08.30_1.wav,HFC,144.936,223.838,104.356,119.482,268.690,425.869,655.558,143.403,1.950,48.518,7.692,6.307,7.65,327.030,600.654,886.674,1241.491,1659.060,2064.171,2469.730,2861.560,362.076,48.332,-0.145,,
HFC_08.30_2.wav,HFC,153.933,158.875,131.196,27.679,370.067,503.591,722.143,141.187,1.517,43.949,9.890,4.444,14.00,356.313,592.960,849.479,1233.874,1632.567,2026.839,2395.208,2703.783,335.353,52.184,-0.546,,
HFC_08.45.wav,HFC,166.251,278.306,80.474,197.832,274.779,455.519,668.014,153.581,1.749,36.370,11.150,3.262,4.39,326.393,577.261,846.092,1214.628,1664.576,2062.600,2400.615,2762.288,347.985,50.290,-0.317,,
HFC_08.45_1.wav,HFC,193.718,267.425,150.551,116.874,294.164,531.742,753.074,184.655,1.687,45.591,12.745,3.577,3.49,350.392,617.341,890.695,1210.345,1648.751,2051.325,2428.185,2794.737,349.192,50.116,-0.357,,
HFC_08.45_2.wav,HFC,155.920,282.746,81.546,201.200,279.445,414.148,547.828,147.617,1.610,45.145,7.145,6.318,10.26,336.892,536.634,847.787,1201.963,1654.063,2050.129,2442.244,2782.886,349.428,50.082,-0.266,,
HFC_09.00.wav,HFC,155.070,226.906,93.597,133.309,281.918,473.581,643.175,159.382,1.594,33.417,11.292,2.959,11.47,354.767,601.833,858.019,1218.201,1599.924,2037.275,2426.131,2752.193,342.489,51.096,-0.125,,
HFC_09.00_1.wav,HFC,176.596,259.907,76.102,183.805,251.860,406.284,600.431,226.788,1.733,40.708,11.827,3.442,3.08,301.113,578.506,814.363,1194.887,1623.520,2040.832,2397.961,2766.979,352.266,49.678,-0.253,,
HFC_09.00_2.wav,HFC,147.310,251.508,74.919,176.589,256.017,382.775,581.688,140.810,1.640,39.756,11.277,3.525,7.53,297.966,569.874,824.820,1176.098,1517.952,2012.071,2403.988,2791.376,356.201,49.130,-0.143,,
HFC_09.15.wav,HFC,155.989,250.553,75.145,175.409,371.331,510.588,701.828,159.404,1.455,42.693,10.655,4.007,9.49,361.284,591.380,852.214,1191.144,1567.246,1988.265,2403.136,2744.649,340.481,51.398,-0.388,,
HFC_09.15_1.wav,HFC,158.552,162.670,147.758,14.912,357.827,533.791,696.306,149.760,1.733,46.086,8.077,5.706,13.39,374.447,623.349,896.058,1228.643,1690.125,2050.150,2425.454,2821.139,349.527,50.068,-0.376,,
HFC_09.15_2.wav,HFC,166.290,253.328,110.629,142.698,261.249,411.460,543.699,277.014,1.842,47.490,10.045,4.728,8.17,311.249,550.833,858.511,1196.167,1640.321,2028.501,2447.343,2861.638,364.341,48.032,-0.067,,
HFC_09.30.wav,HFC,149.136,161.396,76.766,84.629,356.205,517.391,659.357,148.233,1.594,48.845,8.783,5.562,12.55,342.189,595.979,842.377,1192.047,1643.240,2012.277,2408.309,2772.647,347.208,50.402,-0.450,,
HFC_09.30_1.wav,HFC,171.828,269.673,138.783,130.890,245.343,357.987,495.055,154.212,1.408,39.711,10.651,3.728,7.47,305.818,541.691,831.893,1180.424,1634.231,2089.400,2496.716,2884.872,368.436,47.498,-0.062,,
HFC_09.30_2.wav,HFC,137.515,207.364,71.945,135.419,245.745,430.577,611.330,150.127,1.687,35.159,9.781,3.595,8.83,330.314,575.699,854.213,1184.862,1626.521,2083.373,2489.832,2838.185,358.267,48.846,-0.172,,
HFC_09.45.wav,HFC,141.966,263.396,77.476,185.920,237.914,351.491,575.305,230.985,1.470,44.819,11.223,3.994,3.75,281.201,566.840,837.043,1198.416,1641.272,2059.484,2462.330,2844.769,366.224,47.785,-0.235,,
HFC_09.45_1.wav,HFC,155.309,234.477,95.422,139.055,237.286,411.668,589.476,152.948,1.563,33.981,9.277,3.663,7.53,311.671,574.457,828.333,1185.927,1626.678,2021.063,2423.307,2844.228,361.794,48.370,-0.045,,
HFC_09.45_2.wav,HFC,189.522,256.406,107.348,149.058,233.624,423.169,615.804,213.531,1.795,43.914,12.812,3.428,2.49,314.561,583.351,858.713,1193.854,1618.163,2032.347,2402.972,2799.393,354.976,49.299,-0.239,,
HFC_10.00.wav,HFC,159.159,234.181,79.143,155.037,318.823,493.028,666.368,157.467,1.702,40.592,10.280,3.949,11.55,358.697,592.589,886.096,1221.651,1659.870,2039.403,2436.103,2749.356,341.523,51.241,-0.309,,
HFC_10.00_1.wav,HFC,146.827,228.450,73.369,155.081,340.461,453.436,581.147,144.012,1.888,49.755,10.328,4.818,9.82,345.053,542.610,849.530,1216.043,1599.824,2035.989,2401.953,2753.517,344.066,50.862,-0.431,,
HFC_10.00_2.wav,HFC,163.543,210.091,156.271,53.820,420.032,549.815,721.764,165.604,1.625,48.588,9.846,4.935,13.52,398.348,602.392,871.619,1213.616,1651.197,1993.367,2408.816,2801.159,343.259,50.982,-0.563,,
HFC_10.15.wav,HFC,161.800,254.362,141.392,112.970,340.341,495.692,627.055,143.215,1.749,38.482,10.007,3.846,10.99,354.916,571.907,840.541,1185.638,1572.415,2010.556,2412.217,2837.666,354.679,49.340,-0.238,,
HFC_10.15_1.wav,HFC,212.489,228.173,199.610,28.563,208.989,259.352,519.718,210.856,1.455,75.756,9.967,7.601,5.26,248.666,584.774,870.186,1187.683,1579.925,2027.650,2426.444,2829.158,368.642,47.472,-0.252,,
HFC_10.15_2.wav,HFC,191.165,265.865,96.710,169.155,215.388,352.156,604.332,211.857,0.990,55.868,11.611,4.812,1.12,277.923,580.908,867.256,1208.737,1587.386,2054.808,2431.389,2816.695,362.682,48.252,-0.060,,
HFC_10.30.wav,HFC,169.583,270.521,118.910,151.611,226.767,394.586,578.209,150.477,1.795,39.936,10.862,3.677,4.08,304.353,560.024,846.189,1193.084,1647.261,2056.825,2453.686,2855.771,364.488,48.013,-0.009,,
HFC_10.30_1.wav,HFC,199.057,282.606,79.933,202.673,220.442,332.926,550.128,214.067,1.826,47.234,8.488,5.565,3.78,281.497,555.016,809.988,1186.468,1609.094,2052.337,2435.448,2806.444,360.707,48.516,-0.181,,
HFC_10.30_2.wav,HFC,136.235,224.198,72.789,151.408,220.610,372.823,577.431,137.875,1.439,40.943,9.727,4.209,5.44,291.454,562.250,892.012,1207.684,1637.795,2058.628,2450.552,2776.749,355.042,49.290,-0.077,,
HFC_10.45.wav,HFC,203.131,255.811,80.334,175.477,224.559,368.771,625.679,222.378,1.501,39.546,11.990,3.298,1.21,259.819,593.711,803.092,1205.931,1571.297,2024.755,2427.208,2801.898,363.154,48.189,-0.236,,
HFC_10.45_1.wav,HFC,156.066,158.690,149.273,9.417,350.524,507.071,689.225,148.605,1.733,33.143,8.942,3.706,14.85,351.728,592.391,855.360,1235.683,1630.029,2030.216,2433.649,2779.026,346.757,50.468,-0.354,,
HFC_10.45_2.wav,HFC,167.422,278.608,144.062,134.546,377.492,516.284,686.853,145.475,1.594,43.131,9.724,4.436,14.54,366.457,589.877,847.610,1235.249,1640.890,1996.185,2379.760,2736.131,338.525,51.695,-0.471,,
HFC_11.00.wav,HFC,139.016,144.926,125.246,19.681,267.302,428.919,574.193,134.135,1.826,51.251,10.952,4.680,12.16,309.245,545.750,865.780,1186.350,1643.117,2051.869,2457.249,2813.497,357.750,48.917,-0.242,,
HFC_11.00_1.wav,HFC,206.416,270.334,109.725,160.609,218.026,370.097,597.184,209.772,1.470,51.835,11.903,4.355,1.60,302.814,573.110,873.358,1224.011,1632.032,2071.134,2422.139,2780.578,353.966,49.440,-0.305,,
HFC_11.00_2.wav,HFC,200.405,256.374,91.449,164.925,196.602,386.428,570.174,193.221,1.749,48.116,14.009,3.435,2.69,294.441,559.590,861.755,1210.548,1608.771,2078.556,2474.965,2822.372,361.133,48.459,-0.071,,
HFC_11.15.wav,HFC,157.831,282.602,134.096,148.506,334.668,496.954,654.066,140.356,1.393,44.705,10.051,4.448,10.62,346.932,575.900,905.225,1204.947,1655.035,2048.875,2408.476,2676.634,332.815,52.582,-0.385,,
HFC_11.15_1.wav,HFC,170.858,173.266,164.952,8.314,468.891,659.666,825.716,169.920,1.439,37.530,7.990,4.697,12.26,400.202,663.278,904.122,1221.642,1676.944,2033.638,2437.531,2771.083,338.697,51.669,-0.585,,
HFC_11.15_2.wav,HFC,138.177,142.982,128.375,14.607,220.413,429.561,606.628,133.890,1.176,48.759,7.227,6.747,11.98,308.062,572.449,882.291,1194.273,1648.457,2070.141,2401.901,2725.481,345.346,50.674,-0.065,,
HFC_11.30.wav,HFC,140.826,153.968,72.274,81.693,260.872,464.528,636.748,145.111,1.640,44.772,9.448,4.739,8.67,323.255,596.194,842.017,1216.462,1617.875,2050.840,2446.979,2718.241,342.141,51.149,-0.026,,
HFC_11.30_1.wav,HFC,144.728,224.508,74.739,149.769,292.586,357.995,496.695,143.707,1.780,47.293,7.866,6.012,15.65,306.239,485.637,830.329,1203.726,1543.929,2019.057,2385.721,2839.435,361.885,48.358,-0.561,,
HFC_11.30_2.wav,HFC,148.154,154.412,131.452,22.960,387.743,529.589,637.497,134.836,1.888,45.848,10.328,4.439,13.52,370.594,580.109,863.499,1196.598,1650.971,2013.639,2401.180,2764.152,341.937,51.179,-0.422,,