file,Call type,Mean F0,Max F0, Min F0, Range F0,Q25%,Q50%,Q75%,Fpeak,sound duration,AM var,AM rate,AM extent,harmonicity, F1 mean,F2 mean,F3 mean,F4 mean,F5 mean,F6 mean,F7 mean,F8 mean,formant dispersal,vocal tract length,mean wiener entropy,Comment,
HFC_08.15.wav,HFC,139.610,263.294,79.601,183.692,109.554,181.513,479.082,113.066,1.851,50.756,9.453,5.369,7.30,306.955,608.623,1018.721,1399.192,1754.823,2126.387,2544.211,2761.480,350.646,49.908,-0.388,,
HFC_08.15_1.wav,HFC,163.385,283.760,73.288,210.473,194.146,420.298,1159.377,113.009,1.741,38.215,12.352,3.094,0.89,339.835,650.503,1050.593,1464.098,1778.069,2135.977,2549.055,2858.547,359.816,48.636,-0.927,,
HFC_08.15_2.wav,HFC,111.572,147.073,75.448,71.624,116.210,195.695,541.268,120.365,1.661,56.655,12.038,4.706,6.82,282.582,621.747,1040.107,1373.608,1729.383,2120.788,2559.249,2873.876,370.185,47.274,-0.347,,
HFC_08.30.wav,HFC,155.304,181.681,91.586,90.095,153.562,244.217,744.867,150.374,1.709,74.251,11.411,6.507,6.71,275.013,657.064,1018.124,1400.077,1769.787,2146.849,2564.562,2900.991,375.140,46.649,-0.874,,
HFC_08.30_1.wav,HFC,168.369,278.165,79.480,198.686,229.946,561.976,1503.512,114.150,1.693,41.051,13.289,3.089,0.30,336.808,629.692,1055.233,1442.004,1762.377,2112.185,2522.825,2847.654,358.692,48.788,-1.019,,
HFC_08.30_2.wav,HFC,113.678,154.403,77.064,77.339,116.011,179.388,444.955,122.583,1.630,58.551,13.192,4.438,5.88,274.612,622.968,1030.577,1367.900,1745.724,2124.300,2553.926,2896.341,374.533,46.725,-0.212,,
HFC_08.45.wav,HFC,142.712,181.136,79.063,102.073,139.657,191.913,474.003,143.247,1.630,69.754,11.044,6.316,8.10,254.723,630.430,998.051,1369.646,1728.632,2106.218,2536.534,2820.660,366.563,47.741,-0.658,,
HFC_08.45_1.wav,HFC,147.809,188.089,82.902,105.187,138.418,209.355,483.859,130.762,1.487,59.010,12.438,4.744,5.09,244.365,638.839,1005.601,1383.166,1724.502,2105.810,2568.136,2794.331,364.281,48.040,-0.448,,
HFC_08.45_2.wav,HFC,111.043,139.379,79.750,59.629,111.105,186.701,489.323,114.695,1.978,55.697,9.353,5.955,7.41,304.626,598.579,1001.831,1380.153,1749.401,2137.492,2519.605,2863.914,365.613,47.865,-0.355,,
HFC_09.00.wav,HFC,132.945,176.169,82.129,94.040,172.022,393.432,1062.427,156.618,1.978,68.631,12.134,5.656,4.85,295.897,669.482,1064.278,1453.425,1799.776,2150.928,2593.453,2860.056,366.308,47.774,-1.194,,
HFC_09.00_1.wav,HFC,108.799,154.981,79.818,75.163,125.567,278.472,553.671,107.705,2.326,46.818,10.103,4.634,4.60,313.090,632.089,999.735,1416.857,1774.645,2189.094,2566.874,2853.996,362.987,48.211,-0.364,,
HFC_09.00_2.wav,HFC,131.202,273.270,79.602,193.668,137.958,299.720,666.274,111.996,2.468,47.338,11.343,4.173,5.75,307.930,634.642,998.863,1383.139,1741.654,2113.801,2533.436,2824.074,359.449,48.686,-0.414,,
HFC_09.15.wav,HFC,162.631,290.257,73.113,217.145,190.715,418.509,1161.184,113.595,2.358,41.476,12.088,3.431,1.76,326.215,658.194,1063.563,1413.422,1789.283,2161.807,2574.583,2849.128,360.416,48.555,-0.987,,
HFC_09.15_1.wav,HFC,131.228,196.810,72.409,124.401,130.743,190.299,464.857,130.396,2.089,56.542,12.209,4.631,7.23,269.544,618.380,1025.146,1385.166,1721.194,2131.901,2528.531,2839.157,367.087,47.673,-0.292,,
HFC_09.15_2.wav,HFC,133.130,178.331,77.102,101.228,132.705,193.491,507.300,136.160,1.630,60.375,11.965,5.046,7.29,256.184,624.437,1050.267,1357.115,1727.356,2081.235,2507.979,2885.211,375.575,46.595,-0.460,,
HFC_09.30.wav,HFC,135.975,202.021,77.946,124.075,121.125,241.797,488.330,112.802,1.978,43.083,11.629,3.705,7.00,285.892,602.765,1011.720,1351.863,1732.131,2060.989,2573.876,2848.545,366.093,47.802,-0.473,,
HFC_09.30_1.wav,HFC,114.623,158.988,76.218,82.769,114.694,185.414,522.637,123.211,1.788,47.611,12.304,3.870,7.93,268.603,608.555,1009.953,1372.411,1729.320,2107.677,2543.081,2869.061,371.494,47.107,-0.337,,
HFC_09.30_2.wav,HFC,114.778,142.675,82.266,60.409,112.976,145.535,257.076,119.268,2.104,64.708,8.791,7.361,12.63,257.731,576.780,988.068,1360.632,1736.432,2117.716,2538.146,2786.910,361.311,48.435,-0.355,,
HFC_09.45.wav,HFC,184.302,249.629,83.267,166.362,158.486,222.962,557.092,143.428,1.646,70.014,11.546,6.064,6.84,259.150,651.619,1087.035,1422.299,1765.889,2164.513,2591.688,2858.034,371.269,47.136,-0.919,,
HFC_09.45_1.wav,HFC,152.117,192.096,77.151,114.944,169.070,303.504,753.921,119.510,1.930,59.646,10.101,5.905,7.10,287.288,678.041,1054.951,1413.578,1741.118,2176.661,2532.606,2890.239,371.850,47.062,-0.807,,
HFC_09.45_2.wav,HFC,116.567,160.447,75.236,85.210,133.347,268.954,610.215,113.845,2.279,54.899,10.533,5.212,7.28,290.328,639.606,1008.951,1433.640,1768.361,2124.437,2550.864,2774.387,354.866,49.314,-0.470,,
HFC_10.00.wav,HFC,165.258,214.140,83.604,130.537,212.311,422.055,975.503,174.760,1.677,48.294,12.818,3.768,2.63,324.257,643.930,1003.676,1380.877,1724.640,2115.409,2547.914,2938.855,373.514,46.852,-0.685,,
HFC_10.00_1.wav,HFC,111.414,137.420,78.907,58.513,113.773,168.283,394.018,116.126,1.582,58.046,11.060,5.248,9.06,276.322,615.293,994.004,1384.753,1742.907,2111.873,2504.541,2802.958,360.948,48.483,-0.280,,
HFC_10.00_2.wav,HFC,144.225,178.505,76.985,101.520,160.036,266.482,652.637,151.376,1.851,66.536,12.154,5.475,4.58,275.093,641.127,1014.547,1365.046,1733.983,2128.851,2550.798,2877.289,371.742,47.076,-0.735,,
HFC_10.15.wav,HFC,145.247,211.938,74.189,137.749,181.322,240.649,501.331,205.972,1.677,60.609,8.943,6.777,7.26,263.807,596.767,982.090,1367.139,1762.634,2097.815,2557.153,2818.249,364.920,47.956,-0.540,,
HFC_10.15_1.wav,HFC,120.454,168.288,70.001,98.287,137.752,207.576,441.007,144.636,2.215,51.851,10.608,4.888,5.54,252.133,576.153,971.753,1342.232,1751.238,2132.631,2547.382,2840.305,369.739,47.331,-0.147,,
HFC_10.15_2.wav,HFC,127.547,168.440,72.376,96.063,111.176,159.618,313.652,120.077,1.899,65.509,11.586,5.654,7.07,258.783,605.062,954.476,1383.801,1739.215,2139.149,2562.004,2836.185,368.200,47.528,0.044,,
HFC_10.30.wav,HFC,155.235,204.395,72.153,132.241,161.871,250.898,561.098,118.727,2.010,81.000,8.957,9.043,7.17,235.452,578.030,948.849,1321.554,1699.191,2064.684,2553.040,2707.743,353.184,49.549,-0.765,,
HFC_10.30_1.wav,HFC,129.061,179.073,77.575,101.498,197.205,398.759,842.555,152.951,2.342,45.093,13.878,3.249,4.63,305.691,696.875,1026.038,1399.890,1766.526,2189.221,2569.585,2916.726,373.005,46.916,-0.662,,
HFC_10.30_2.wav,HFC,116.468,189.883,71.546,118.337,176.039,344.837,697.292,107.227,2.136,44.895,11.469,3.914,4.78,313.814,628.709,1014.423,1377.148,1755.519,2118.258,2558.226,2935.740,374.561,46.721,-0.339,,
HFC_10.45.wav,HFC,111.722,145.083,74.573,70.510,162.736,278.997,524.964,134.859,1.788,50.971,10.906,4.674,2.71,300.749,613.379,996.733,1368.098,1723.507,2119.683,2531.715,2880.315,368.510,47.489,-0.333,,
HFC_10.45_1.wav,HFC,149.863,244.168,75.326,168.842,128.219,202.479,566.699,127.881,1.630,48.209,13.499,3.571,5.22,287.653,632.965,1035.114,1369.415,1739.382,2130.778,2543.683,2809.341,360.241,48.579,-0.402,,
HFC_10.45_2.wav,HFC,161.789,288.252,73.181,215.072,176.426,367.345,884.780,108.111,1.946,40.672,12.074,3.368,2.32,307.359,627.587,1012.985,1385.008,1731.797,2108.603,2523.161,2731.278,346.274,50.538,-0.694,,
HFC_11.00.wav,HFC,123.194,161.013,75.700,85.313,119.923,169.830,358.817,129.859,1.677,65.528,12.818,5.112,7.83,260.284,612.405,990.546,1355.577,1742.899,2116.868,2528.629,2806.237,363.708,48.116,-0.403,,
HFC_11.00_1.wav,HFC,100.760,135.236,70.138,65.098,97.468,149.427,361.111,108.362,1.946,62.022,11.561,5.365,9.56,275.273,606.486,994.941,1375.755,1743.799,2141.921,2567.731,2795.544,360.039,48.606,-0.059,,
HFC_11.00_2.wav,HFC,139.024,201.045,75.669,125.375,123.016,206.593,624.182,127.666,1.646,63.353,11.242,5.635,5.71,271.214,643.645,1032.406,1386.215,1760.701,2133.309,2552.544,2860.868,369.951,47.304,-0.719,,
HFC_11.15.wav,HFC,113.927,137.933,80.997,56.936,113.049,140.516,228.478,117.622,1.835,67.343,10.351,6.506,12.61,236.030,600.336,1001.491,1354.359,1744.738,2127.003,2566.002,2892.059,379.433,46.121,0.167,,
HFC_11.15_1.wav,HFC,118.319,212.675,80.101,132.574,186.193,303.054,685.012,126.606,1.408,49.138,10.651,4.613,6.53,286.121,633.633,1016.572,1438.706,1800.417,2196.708,2585.073,2766.661,354.363,49.384,-0.766,,
HFC_11.15_2.wav,HFC,123.697,188.838,76.439,112.399,120.491,188.363,392.353,121.494,1.693,65.949,10.041,6.568,8.87,242.905,577.746,956.199,1335.720,1752.073,2128.381,2558.896,2879.791,376.698,46.456,0.009,,
HFC_11.30.wav,HFC,129.560,166.393,72.919,93.474,113.622,175.897,388.497,118.046,1.408,67.440,11.006,6.127,5.59,270.929,600.355,1025.514,1361.646,1738.998,2137.512,2603.376,2917.667,378.105,46.283,-0.114,,
HFC_11.30_1.wav,HFC,222.252,231.018,201.125,29.893,219.221,250.264,370.653,104.824,2.468,40.615,12.761,3.183,19.29,259.595,513.241,920.874,1351.829,1725.988,2077.719,2536.559,2898.432,376.977,46.422,-0.160,,
HFC_11.30_2.wav,HFC,135.933,166.975,80.887,86.088,186.026,375.114,861.901,136.966,1.456,51.240,10.304,4.973,3.60,332.591,703.984,1042.544,1440.164,1783.096,2168.614,2565.675,2965.055,376.066,46.534,-0.571,,