file,Call type,Mean F0,Max F0, Min F0, Range F0,Q25%,Q50%,Q75%,Fpeak,sound duration,AM var,AM rate,AM extent,harmonicity, F1 mean,F2 mean,F3 mean,F4 mean,F5 mean,F6 mean,F7 mean,F8 mean,formant dispersal,vocal tract length,mean wiener entropy,Comment,
HFC_07.30.wav,HFC,178.956,258.485,142.649,115.836,289.941,496.054,578.880,172.646,1.737,49.283,9.502,5.187,11.70,385.635,573.735,909.494,1241.016,1740.539,2109.807,2467.517,2823.394,348.251,50.251,-0.424,,
HFC_07.30_1.wav,HFC,182.357,269.007,140.464,128.542,409.763,530.173,697.782,174.463,1.946,60.433,11.051,5.469,9.23,392.458,607.655,897.835,1212.822,1696.886,2084.306,2453.524,2798.442,343.712,50.915,-0.491,,
HFC_07.30_2.wav,HFC,169.116,180.679,137.561,43.119,385.964,527.029,670.085,163.265,1.672,45.305,10.465,4.329,9.69,384.775,595.033,892.877,1207.365,1692.309,2099.636,2442.406,2803.071,345.471,50.655,-0.467,,
HFC_07.45.wav,HFC,171.775,261.808,132.444,129.364,409.592,549.065,768.344,147.629,1.720,51.396,11.334,4.535,8.24,386.213,622.460,900.530,1206.480,1678.796,2078.007,2425.257,2819.542,347.618,50.343,-0.471,,
HFC_07.45_1.wav,HFC,157.042,257.664,120.266,137.398,404.757,555.851,783.829,141.297,2.492,41.636,8.025,5.188,11.17,398.877,622.433,921.542,1225.658,1689.935,2063.546,2416.750,2763.146,337.753,51.813,-0.382,,
HFC_07.45_2.wav,HFC,177.291,253.600,147.145,106.455,315.900,495.697,618.593,181.836,1.817,60.668,10.457,5.802,7.48,358.149,583.572,875.600,1195.792,1712.368,2084.852,2465.803,2852.685,356.362,49.107,-0.464,,
HFC_08.00.wav,HFC,162.783,244.110,134.212,109.898,367.814,535.041,752.864,148.597,1.158,50.347,9.070,5.551,4.05,381.850,627.848,918.963,1220.660,1673.479,2058.034,2427.766,2800.412,345.509,50.650,-0.286,,
HFC_08.00_1.wav,HFC,199.791,274.369,136.190,138.179,198.684,292.335,598.120,200.528,1.769,76.246,14.417,5.288,4.32,257.348,588.444,840.904,1180.615,1535.940,2032.609,2425.686,2855.088,371.106,47.156,-0.309,,
HFC_08.00_2.wav,HFC,171.804,265.060,128.106,136.954,413.741,543.718,761.118,160.006,2.074,51.563,9.883,5.217,9.45,406.789,619.160,931.624,1227.958,1701.229,2092.979,2445.088,2775.527,338.391,51.715,-0.520,,
HFC_08.15.wav,HFC,158.282,202.376,123.700,78.676,177.771,367.342,579.143,179.179,1.431,43.364,10.132,4.280,3.67,293.614,577.633,867.401,1161.691,1640.272,2063.790,2465.989,2851.058,365.349,47.899,-0.088,,
HFC_08.15_1.wav,HFC,164.749,244.928,131.103,113.825,337.488,479.848,627.447,154.732,1.769,41.798,10.460,3.996,8.55,348.658,578.948,846.245,1200.214,1670.821,2006.499,2392.734,2819.850,353.027,49.571,-0.375,,
HFC_08.15_2.wav,HFC,177.971,236.290,123.605,112.685,212.416,387.080,583.242,196.348,2.042,55.629,9.794,5.680,5.87,309.497,578.647,877.675,1198.567,1699.975,2075.035,2451.484,2845.506,362.287,48.304,-0.246,,
HFC_08.30.wav,HFC,175.701,201.102,144.750,56.352,188.746,355.794,606.780,177.216,1.930,41.776,10.365,4.030,12.72,337.762,590.660,872.086,1213.724,1738.024,2109.595,2447.910,2797.014,351.322,49.812,-0.520,,
HFC_08.30_1.wav,HFC,173.678,186.500,125.284,61.216,187.982,374.911,588.972,176.717,1.624,42.962,10.468,4.104,12.25,281.908,581.200,811.575,1221.476,1693.065,2118.340,2427.436,2754.288,353.197,49.547,-0.327,,
HFC_08.30_2.wav,HFC,161.374,258.884,110.106,148.778,335.740,533.612,753.106,147.234,1.576,38.202,10.154,3.762,6.64,357.780,629.155,884.137,1210.994,1725.180,2074.790,2408.984,2777.532,345.679,50.625,-0.312,,
HFC_08.45.wav,HFC,172.628,272.484,127.680,144.804,328.996,486.254,691.422,148.337,1.720,53.409,12.497,4.274,7.26,351.960,599.662,889.570,1188.227,1656.016,2048.681,2467.309,2843.619,355.951,49.164,-0.386,,
HFC_08.45_1.wav,HFC,176.504,254.489,141.113,113.376,321.020,499.122,680.505,167.189,1.930,54.700,10.625,5.149,9.35,367.780,579.481,935.861,1192.807,1634.833,2050.885,2459.858,2831.400,351.946,49.724,-0.416,,
HFC_08.45_2.wav,HFC,154.108,240.367,77.189,163.178,335.291,517.321,781.653,221.488,2.122,36.070,11.072,3.258,5.18,360.058,601.752,909.539,1176.349,1591.374,2025.716,2462.001,2836.112,353.722,49.474,-0.340,,
HFC_09.00.wav,HFC,166.516,267.309,61.620,205.689,315.676,507.877,731.679,162.678,1.688,41.020,12.735,3.221,3.72,334.775,611.931,868.664,1195.244,1679.404,2071.855,2459.217,2837.399,357.518,48.949,-0.290,,
HFC_09.00_1.wav,HFC,102.624,248.391,68.054,180.337,217.235,404.472,684.238,138.217,1.801,38.506,10.828,3.556,2.32,304.955,623.647,892.736,1228.969,1661.453,2057.331,2466.811,2850.349,363.628,48.126,-0.206,,
HFC_09.00_2.wav,HFC,180.644,273.126,67.433,205.693,273.632,498.438,723.790,211.191,1.833,33.899,12.820,2.644,0.77,339.356,616.184,913.821,1214.849,1659.673,2071.418,2466.889,2825.022,355.095,49.283,-0.213,,
HFC_09.15.wav,HFC,177.184,251.503,131.719,119.784,261.081,466.626,699.283,229.437,2.058,38.163,9.718,3.927,8.10,329.389,616.954,894.759,1195.174,1666.538,2061.655,2459.645,2771.537,348.878,50.161,-0.254,,
HFC_09.15_1.wav,HFC,176.498,257.932,112.740,145.191,266.610,476.801,648.890,204.574,1.688,46.499,11.550,4.026,3.13,326.644,590.748,858.066,1163.194,1652.916,2059.636,2449.865,2832.994,358.050,48.876,-0.146,,
HFC_09.15_2.wav,HFC,166.559,246.557,120.979,125.578,359.366,534.940,767.882,188.972,1.785,40.041,10.926,3.665,4.90,355.103,622.991,898.158,1196.229,1682.907,2056.407,2437.135,2734.996,339.985,51.473,-0.399,,
HFC_09.30.wav,HFC,173.294,273.442,106.915,166.526,244.367,481.489,672.516,139.338,2.155,58.494,9.979,5.862,7.63,323.145,601.818,838.620,1186.570,1680.724,2089.006,2496.684,2871.456,364.044,48.071,-0.163,,
HFC_09.30_1.wav,HFC,187.021,275.458,150.816,124.642,269.754,489.337,628.214,203.492,1.962,43.149,10.960,3.937,3.69,344.477,580.582,875.801,1171.350,1648.862,2078.868,2454.754,2827.309,354.690,49.339,-0.284,,
HFC_09.30_2.wav,HFC,198.214,268.931,127.612,141.320,251.295,468.980,682.540,164.109,1.576,39.520,11.740,3.366,3.07,322.312,592.994,870.795,1187.956,1642.513,2062.687,2450.419,2828.212,357.986,48.885,-0.081,,
HFC_09.45.wav,HFC,200.177,260.207,74.765,185.442,229.313,431.217,620.239,190.278,1.737,36.398,12.381,2.940,2.19,316.765,587.710,866.950,1175.368,1669.258,2083.758,2456.354,2757.189,348.632,50.196,-0.171,,
HFC_09.45_1.wav,HFC,182.401,281.022,143.635,137.387,230.009,444.511,602.151,193.251,2.331,46.310,10.937,4.234,7.43,347.815,592.776,893.035,1181.621,1710.892,2125.040,2455.990,2843.902,356.584,49.077,-0.199,,
HFC_09.45_2.wav,HFC,187.172,260.711,123.565,137.146,358.566,524.606,792.041,203.777,1.688,43.371,11.254,3.854,5.02,356.047,598.568,906.109,1181.595,1640.077,2060.057,2461.924,2796.223,348.597,50.201,-0.392,,
HFC_10.00.wav,HFC,164.641,252.749,137.128,115.621,375.233,561.914,817.779,159.265,1.351,44.454,11.476,3.874,6.41,365.162,614.197,882.525,1173.706,1686.736,2044.575,2419.257,2844.558,354.200,49.407,-0.174,,
HFC_10.00_1.wav,HFC,170.953,187.149,139.658,47.491,294.276,500.567,591.381,180.757,2.122,55.635,10.365,5.367,9.47,355.598,574.046,851.788,1200.653,1697.587,2056.786,2420.279,2716.947,337.336,51.877,-0.378,,
HFC_10.00_2.wav,HFC,184.641,246.639,143.492,103.147,297.331,487.677,653.319,201.590,1.109,42.477,14.421,2.945,1.43,364.034,579.069,848.609,1169.092,1573.208,2048.017,2446.265,2853.178,355.592,49.214,-0.156,,
HFC_10.15.wav,HFC,163.261,235.538,122.917,112.622,176.965,370.544,598.256,163.511,1.913,45.373,11.759,3.859,6.49,300.993,579.650,871.231,1193.133,1688.957,2095.257,2499.168,2812.220,358.747,48.781,-0.029,,
HFC_10.15_1.wav,HFC,174.997,264.132,73.910,190.222,213.775,347.241,597.887,143.385,1.785,39.449,11.486,3.435,2.61,288.265,584.540,872.155,1205.218,1614.994,2038.040,2452.613,2846.404,365.448,47.886,-0.096,,
HFC_10.15_2.wav,HFC,200.640,251.191,161.487,89.704,211.618,371.846,599.362,197.361,1.656,45.945,11.171,4.113,3.24,300.825,593.784,886.244,1177.830,1728.894,2107.950,2469.589,2826.252,360.775,48.507,-0.255,,
HFC_10.30.wav,HFC,199.350,249.154,166.998,82.156,215.405,400.412,591.985,210.124,1.962,41.920,13.509,3.103,3.51,311.643,580.231,890.233,1179.299,1646.350,2069.787,2474.747,2822.071,358.633,48.796,-0.272,,
HFC_10.30_1.wav,HFC,200.610,282.944,128.155,154.789,262.989,489.042,628.484,182.903,1.994,42.971,11.034,3.894,4.75,333.388,585.419,854.987,1181.086,1633.850,2079.653,2494.357,2846.778,359.056,48.739,0.001,,
HFC_10.30_2.wav,HFC,175.359,249.435,121.007,128.428,227.497,428.748,601.993,202.460,1.817,46.930,11.007,4.263,2.84,324.622,589.664,868.548,1177.033,1634.356,2063.587,2468.149,2830.273,357.950,48.889,-0.259,,
HFC_10.45.wav,HFC,181.673,247.244,166.719,80.525,204.233,418.318,584.922,192.808,1.238,50.942,14.538,3.504,2.58,293.607,574.691,909.581,1187.899,1631.483,2059.596,2476.851,2831.545,362.563,48.268,-0.353,,
HFC_10.45_1.wav,HFC,173.225,224.151,139.475,84.675,300.397,485.552,609.652,186.403,1.737,48.378,11.805,4.098,6.26,350.448,582.107,886.205,1207.587,1721.449,2112.685,2442.425,2763.115,344.667,50.774,-0.333,,
HFC_10.45_2.wav,HFC,182.439,251.129,151.527,99.602,222.531,409.683,575.805,205.867,2.251,42.337,12.661,3.344,3.05,310.138,583.003,860.820,1178.993,1657.857,2075.823,2471.287,2841.127,361.570,48.400,-0.173,,
HFC_11.00.wav,HFC,179.598,258.204,142.187,116.016,258.953,473.091,664.337,226.518,1.946,50.270,11.822,4.252,2.70,347.262,616.249,892.138,1187.629,1708.941,2095.388,2454.466,2825.256,353.999,49.435,-0.188,,
HFC_11.00_1.wav,HFC,199.073,259.559,138.827,120.732,263.101,446.350,577.289,200.470,2.042,50.857,12.487,4.073,3.59,327.606,569.098,870.319,1184.524,1681.369,2093.624,2461.077,2835.462,358.265,48.847,-0.234,,
HFC_11.00_2.wav,HFC,180.482,261.651,73.400,188.250,244.159,466.505,582.716,199.133,1.785,56.593,11.766,4.810,4.90,336.685,579.001,873.569,1188.942,1655.465,2107.529,2504.352,2838.591,357.415,48.963,-0.058,,
HFC_11.15.wav,HFC,176.020,198.662,149.183,49.479,210.488,433.107,602.655,190.611,1.801,50.758,9.718,5.223,6.93,331.958,599.616,885.547,1192.619,1728.443,2127.950,2477.116,2876.982,363.575,48.133,-0.234,,
HFC_11.15_1.wav,HFC,184.791,245.784,115.025,130.759,252.439,461.636,668.348,206.000,1.753,46.523,11.126,4.181,3.17,341.402,614.730,885.868,1190.571,1662.576,2084.258,2518.911,2874.541,361.877,48.359,-0.139,,
HFC_11.15_2.wav,HFC,188.968,262.410,146.472,115.938,251.894,484.575,645.655,207.950,2.106,36.808,11.631,3.165,2.89,343.957,596.366,903.077,1174.115,1626.913,2066.704,2463.911,2779.570,347.945,50.295,-0.206,,
HFC_11.30.wav,HFC,169.566,257.754,83.687,174.067,245.423,465.153,616.558,182.902,1.849,51.365,10.816,4.749,5.22,346.274,584.157,894.387,1200.158,1730.065,2114.015,2468.834,2844.102,356.833,49.043,-0.256,,
HFC_11.30_1.wav,HFC,187.932,250.720,114.560,136.160,201.922,376.742,572.415,198.316,1.463,47.104,11.618,4.054,3.10,299.042,574.720,880.899,1178.047,1678.720,2070.333,2451.244,2850.808,364.538,48.006,-0.276,,