file,Call type,Mean F0,Max F0, Min F0, Range F0,Q25%,Q50%,Q75%,Fpeak,sound duration,AM var,AM rate,AM extent,harmonicity, F1 mean,F2 mean,F3 mean,F4 mean,F5 mean,F6 mean,F7 mean,F8 mean,formant dispersal,vocal tract length,mean wiener entropy,Comment,
HFC_08.15.wav,HFC,164.625,201.121,86.677,114.444,184.746,268.168,467.032,110.875,1.609,58.351,8.392,6.953,11.88,270.002,533.389,941.945,1336.768,1676.002,2148.525,2543.244,2793.518,360.502,48.543,-1.124,,
HFC_08.15_1.wav,HFC,164.719,188.466,100.164,88.302,183.257,299.246,429.485,180.694,1.670,48.898,6.884,7.103,12.66,260.423,478.453,805.145,1336.028,1669.131,2131.717,2534.502,2832.626,367.458,47.625,-1.232,,
HFC_08.15_2.wav,HFC,166.397,183.161,112.999,70.162,226.017,348.311,468.348,174.380,1.036,42.406,6.755,6.278,13.78,287.413,472.743,743.621,1269.282,1622.256,2074.024,2472.139,2729.315,348.843,50.166,-1.394,,
HFC_08.30.wav,HFC,141.118,176.688,66.456,110.232,195.115,294.537,419.686,162.558,1.423,41.522,7.379,5.627,9.56,265.407,479.315,797.432,1317.955,1662.642,2125.099,2485.226,2786.791,360.198,48.584,-1.311,,
HFC_08.30_1.wav,HFC,191.909,219.233,102.654,116.579,212.421,250.319,421.142,109.270,1.717,56.464,9.902,5.702,11.97,247.567,508.402,836.683,1318.902,1678.901,2142.373,2508.141,2810.323,366.108,47.800,-1.279,,
HFC_08.30_2.wav,HFC,169.742,197.074,74.821,122.253,189.155,256.649,434.594,197.329,1.377,43.752,9.444,4.633,13.11,253.483,503.403,754.456,1301.295,1660.810,2062.489,2467.964,2835.890,368.915,47.436,-1.599,,
HFC_08.45.wav,HFC,205.209,233.627,103.593,130.033,227.837,258.086,424.363,101.873,1.469,45.182,10.549,4.283,13.87,247.764,532.939,903.170,1310.655,1674.150,2163.083,2549.371,2908.718,380.136,46.036,-1.630,,
HFC_08.45_1.wav,HFC,181.072,208.946,112.797,96.149,195.217,247.888,428.732,198.905,1.655,54.264,12.085,4.490,12.20,245.612,481.623,844.920,1320.522,1689.301,2165.343,2530.788,2893.709,378.300,46.260,-1.294,,
HFC_08.45_2.wav,HFC,184.699,207.885,96.903,110.982,198.347,245.626,445.832,104.110,2.011,58.860,9.947,5.918,13.42,246.364,534.267,921.432,1316.453,1701.180,2188.313,2549.801,2852.115,372.250,47.011,-1.251,,
HFC_09.00.wav,HFC,200.185,230.098,89.246,140.851,219.273,253.639,444.544,98.602,2.119,47.028,11.326,4.152,13.88,252.164,572.935,939.850,1347.472,1724.896,2198.183,2562.019,2804.952,364.684,47.987,-1.584,,
HFC_09.00_1.wav,HFC,202.225,229.352,112.327,117.025,220.967,255.874,397.612,221.375,1.578,68.744,10.142,6.778,10.74,250.276,498.180,814.124,1308.888,1684.557,2130.467,2510.774,2838.892,369.802,47.323,-1.543,,
HFC_09.00_2.wav,HFC,190.917,231.357,92.226,139.131,220.273,241.835,326.838,108.856,1.609,70.375,11.190,6.289,14.26,233.786,500.040,872.778,1323.015,1719.404,2138.788,2548.534,2912.074,382.613,45.738,-1.821,,
HFC_09.15.wav,HFC,173.011,224.110,78.042,146.068,218.162,244.380,374.101,108.026,1.887,57.304,11.659,4.915,12.94,247.956,500.682,848.903,1284.064,1666.354,2138.642,2507.472,2899.997,378.863,46.191,-1.337,,
HFC_09.15_1.wav,HFC,220.624,251.668,81.360,170.308,238.632,287.458,634.135,235.991,2.490,31.799,9.035,3.519,17.59,250.326,573.424,887.113,1304.884,1704.175,2149.800,2549.810,2924.606,382.040,45.807,-1.830,,
HFC_09.15_2.wav,HFC,191.360,235.959,97.058,138.901,218.900,240.059,300.224,105.947,1.516,62.865,11.215,5.605,10.37,243.913,495.938,867.776,1339.751,1691.144,2151.573,2586.540,2883.664,377.107,46.406,-1.667,,
HFC_09.30.wav,HFC,198.381,237.913,97.929,139.984,220.277,241.491,319.231,102.907,1.763,61.542,11.059,5.565,14.68,239.969,528.992,929.013,1366.032,1713.162,2163.106,2597.776,2838.712,371.249,47.138,-1.826,,
HFC_09.30_1.wav,HFC,214.430,244.322,100.837,143.484,230.266,277.497,582.692,97.561,1.949,48.027,8.723,5.506,17.35,240.369,532.772,878.835,1289.532,1674.822,2119.884,2523.354,2889.790,378.489,46.237,-1.581,,
HFC_09.30_2.wav,HFC,215.973,241.238,113.531,127.708,228.715,257.158,399.748,101.114,1.686,57.732,11.566,4.991,15.22,245.552,526.798,890.396,1332.121,1717.311,2131.367,2563.085,2879.756,376.315,46.504,-1.575,,
HFC_09.45.wav,HFC,179.889,224.459,82.506,141.953,211.304,233.532,299.930,111.599,1.779,63.086,10.120,6.234,11.64,239.465,514.728,889.380,1334.564,1707.830,2162.707,2570.598,2893.485,379.146,46.156,-1.544,,
HFC_09.45_1.wav,HFC,188.829,216.877,109.240,107.638,204.810,247.459,440.977,112.917,1.516,65.435,11.215,5.834,12.62,241.414,532.307,905.252,1331.929,1673.528,2155.466,2549.176,2837.374,370.851,47.189,-1.227,,
HFC_09.45_2.wav,HFC,230.395,247.987,111.987,136.000,236.577,272.496,493.589,232.564,1.408,51.524,7.460,6.907,17.20,244.609,522.651,863.166,1296.967,1701.418,2117.176,2534.600,2869.365,374.965,46.671,-1.761,,
HFC_10.00.wav,HFC,180.046,219.314,74.354,144.960,197.299,267.518,454.260,211.046,1.330,51.653,15.411,3.352,10.12,237.939,499.512,797.778,1348.432,1667.489,2141.647,2496.154,2795.980,365.434,47.888,-1.303,,
HFC_10.00_1.wav,HFC,238.394,252.227,70.032,182.195,243.700,281.594,551.920,111.972,1.655,42.498,7.553,5.627,20.76,258.997,504.354,873.742,1304.714,1706.634,2123.053,2551.351,2892.027,376.147,46.524,-1.917,,
HFC_10.00_2.wav,HFC,203.965,219.172,185.458,33.715,205.939,240.296,401.657,109.684,1.578,65.045,10.458,6.219,15.84,229.449,501.079,832.905,1311.684,1667.706,2145.954,2535.883,2862.821,376.196,46.518,-1.316,,
HFC_10.15.wav,HFC,203.041,223.230,165.856,57.373,206.719,235.923,340.295,110.405,1.408,69.884,8.170,8.553,12.32,248.042,518.151,883.775,1321.972,1674.110,2117.037,2555.405,2940.412,384.624,45.499,-1.632,,
HFC_10.15_1.wav,HFC,225.224,255.610,100.022,155.588,240.612,264.397,358.793,113.312,1.624,70.875,10.468,6.771,13.67,246.057,475.478,845.317,1316.972,1710.004,2141.410,2548.761,2889.760,377.672,46.337,-1.561,,
HFC_10.15_2.wav,HFC,198.849,225.471,114.042,111.429,211.778,231.597,299.781,105.245,1.392,63.086,11.135,5.666,15.33,235.534,523.488,908.906,1321.957,1704.906,2148.806,2573.388,2864.351,375.545,46.599,-1.776,,
HFC_10.30.wav,HFC,194.595,227.581,73.946,153.635,219.775,277.266,468.405,224.907,1.330,42.740,9.397,4.548,11.15,243.121,496.777,810.364,1314.809,1654.541,2129.286,2503.169,2845.890,371.824,47.065,-1.478,,
HFC_10.30_1.wav,HFC,156.661,192.137,85.762,106.374,179.741,199.136,255.897,104.782,1.593,45.204,10.357,4.365,13.69,223.518,520.124,929.202,1350.799,1714.605,2164.798,2586.880,2920.407,385.270,45.423,-1.416,,
HFC_10.30_2.wav,HFC,217.955,236.239,100.566,135.673,230.831,266.041,482.568,111.190,1.485,54.306,8.418,6.451,17.63,245.440,520.521,909.914,1330.883,1737.595,2156.145,2584.467,2925.117,382.811,45.714,-1.662,,
HFC_10.45.wav,HFC,216.741,235.776,113.827,121.950,223.642,265.926,532.850,102.512,1.593,43.433,10.357,4.194,19.02,245.581,561.536,906.679,1335.515,1685.520,2142.949,2549.451,2848.730,371.878,47.058,-1.664,,
HFC_10.45_1.wav,HFC,214.443,251.423,108.361,143.062,238.215,293.512,747.218,235.859,1.609,36.815,9.325,3.948,18.97,245.101,584.653,883.739,1291.427,1686.509,2104.912,2498.917,2914.557,381.351,45.890,-2.185,,
HFC_10.45_2.wav,HFC,213.377,238.904,73.618,165.286,229.548,271.335,531.290,232.176,1.531,31.749,7.184,4.420,15.85,248.004,585.676,880.458,1302.402,1678.133,2127.560,2532.217,2894.736,378.104,46.284,-1.883,,
HFC_11.00.wav,HFC,205.159,234.376,112.830,121.545,222.455,248.189,366.367,218.096,1.562,61.492,8.642,7.116,14.69,239.321,470.964,858.990,1321.851,1690.741,2136.396,2534.571,2914.718,382.200,45.788,-1.483,,
HFC_11.00_1.wav,HFC,193.167,242.202,91.226,150.976,229.803,259.667,398.602,107.310,1.810,47.452,10.775,4.404,12.60,244.303,508.114,868.820,1327.237,1690.374,2141.036,2529.221,2904.966,380.095,46.041,-1.447,,
HFC_11.00_2.wav,HFC,227.446,234.296,201.690,32.606,228.533,263.005,483.698,99.459,1.763,62.554,7.373,8.485,22.01,234.959,546.296,898.244,1354.131,1738.149,2181.741,2588.903,2951.539,388.083,45.093,-1.660,,
HFC_11.15.wav,HFC,196.058,214.521,77.297,137.224,203.734,223.822,300.125,105.424,1.825,64.989,10.958,5.931,14.40,223.393,490.179,876.700,1338.126,1689.264,2164.899,2516.549,2853.296,375.700,46.580,-1.566,,
HFC_11.15_1.wav,HFC,196.386,224.082,112.880,111.203,212.075,237.639,350.709,210.806,1.609,72.920,9.636,7.568,14.04,246.360,501.895,904.792,1352.051,1695.857,2158.024,2559.769,2935.316,384.137,45.557,-1.288,,
HFC_11.15_2.wav,HFC,231.422,253.850,76.266,177.585,240.008,304.177,803.602,234.849,1.779,39.841,8.995,4.429,20.76,247.200,599.515,884.273,1276.901,1671.356,2088.245,2485.548,2876.556,375.622,46.589,-1.998,,
HFC_11.30.wav,HFC,217.664,241.576,117.688,123.888,227.729,262.902,448.256,106.943,1.423,52.191,9.136,5.713,16.15,232.242,505.635,857.152,1281.821,1673.145,2100.309,2482.697,2862.472,375.747,46.574,-1.575,,
HFC_11.30_1.wav,HFC,240.949,258.736,113.169,145.567,241.850,287.192,573.379,242.555,1.500,40.931,6.332,6.464,19.70,244.568,540.204,859.479,1291.036,1673.655,2104.293,2530.323,2920.107,382.220,45.785,-1.942,,
HFC_11.30_2.wav,HFC,225.614,254.073,75.558,178.515,240.431,276.956,495.981,237.437,1.609,32.917,9.636,3.416,20.76,251.909,546.212,848.212,1281.244,1688.429,2143.780,2537.369,2897.930,378.003,46.296,-1.904,,